C0	C10	C10.1	C10.2	C12	C12.DC	C12.1	C14	C14.1	C14.1.OH	C14.2	C14.2.OH	C16	C16.1	C16.1.OH	C16.2.OH	C18	C18.1	C18.2	C2	C3	C3.DC...C4.OH	C3.DC.M...C5.OH	C4	C4.1.DC...C6	C5	C5.DC...C6.OH	C5.M.DC	C5.1	C5.1.DC	C6.1	C7.DC	C8	C8.1	C9	Arg	Gln	Gly	His	Met	Orn	Phe	Pro	Ser	Thr	Trp	Tyr	Val	xLeu	PC.aa.C24.0	PC.aa.C26.0	PC.aa.C28.1	PC.aa.C30.0	PC.aa.C32.0	PC.aa.C32.1	PC.aa.C32.2	PC.aa.C32.3	PC.aa.C34.1	PC.aa.C34.2	PC.aa.C34.3	PC.aa.C34.4	PC.aa.C36.0	PC.aa.C36.1	PC.aa.C36.2	PC.aa.C36.3	PC.aa.C36.4	PC.aa.C36.5	PC.aa.C36.6	PC.aa.C38.0	PC.aa.C38.3	PC.aa.C38.4	PC.aa.C38.5	PC.aa.C38.6	PC.aa.C40.1	PC.aa.C40.2	PC.aa.C40.3	PC.aa.C40.4	PC.aa.C40.5	PC.aa.C40.6	PC.aa.C42.0	PC.aa.C42.1	PC.aa.C42.2	PC.aa.C42.4	PC.aa.C42.5	PC.aa.C42.6	PC.ae.C30.0	PC.ae.C30.2	PC.ae.C32.1	PC.ae.C32.2	PC.ae.C34.0	PC.ae.C34.1	PC.ae.C34.2	PC.ae.C34.3	PC.ae.C36.0	PC.ae.C36.1	PC.ae.C36.2	PC.ae.C36.3	PC.ae.C36.4	PC.ae.C36.5	PC.ae.C38.0	PC.ae.C38.1	PC.ae.C38.2	PC.ae.C38.3	PC.ae.C38.4	PC.ae.C38.5	PC.ae.C38.6	PC.ae.C40.0	PC.ae.C40.1	PC.ae.C40.2	PC.ae.C40.3	PC.ae.C40.4	PC.ae.C40.5	PC.ae.C40.6	PC.ae.C42.0	PC.ae.C42.1	PC.ae.C42.2	PC.ae.C42.3	PC.ae.C42.4	PC.ae.C42.5	PC.ae.C44.3	PC.ae.C44.4	PC.ae.C44.5	PC.ae.C44.6	lysoPC.a.C14.0	lysoPC.a.C16.0	lysoPC.a.C16.1	lysoPC.a.C17.0	lysoPC.a.C18.0	lysoPC.a.C18.1	lysoPC.a.C18.2	lysoPC.a.C20.3	lysoPC.a.C20.4	lysoPC.a.C24.0	lysoPC.a.C26.1	lysoPC.a.C28.0	lysoPC.a.C28.1	SM..OH..C14.1	SM..OH..C16.1	SM..OH..C22.1	SM..OH..C22.2	SM..OH..C24.1	SM.C16.0	SM.C16.1	SM.C18.0	SM.C18.1	SM.C20.2	SM.C24.0	SM.C24.1	SM.C26.0	SM.C26.1	H1
C0	1	0.157861176603628	0.201778100255854	0.195273838739808	0.154761544267862	-0.0626318924985928	0.220479014893129	0.196768723121029	0.188243093751809	0.20784781561214	0.175625265489373	0.135987265191059	0.290587616818984	0.181910826135287	0.165828023455759	0.19444542811442	0.234277293190295	0.264500710998594	0.225620665814032	0.418478220038825	0.64456278217608	0.0816394428521136	0.154498564936883	0.409842609014474	0.361058761814719	0.431258485528212	0.240263620796011	0.0789473422242204	0.148076024735936	0.109600574701044	0.0230583508478775	0.154644951926802	0.192784957824192	0.196131784425591	0.0835883154838014	0.213845689439614	0.100306550596287	0.0150240060717268	0.152862215785513	0.223013634267902	0.235276394166068	0.266662904017109	0.223868785200497	0.08684814882132	0.134259175915275	0.20319303204246	0.27025792842657	0.229661072186992	0.238827678314985	0.0356334853997293	0.0162111027380299	0.0429925304702629	0.0725867629565986	0.0836984781342594	0.180860093871819	0.0435664627414206	-0.000319527026525721	0.168520423828066	0.0784570350247975	0.105783991261946	0.12087355860289	0.0386278602498999	0.197286876052352	0.133624128283574	0.173424659615494	0.156690163378268	0.0848231253312322	0.0501620309939278	0.0034404549783598	0.261049191115437	0.21586843344286	0.154965284217196	0.0321415006655061	-0.0540534267279745	-0.00357176705618966	0.0972030979030839	0.239591508213432	0.223751715437625	0.120842340451165	-0.0883257283175758	-0.0670810312265756	-0.0418549199741779	0.0438652453293601	0.0576942021312608	0.0518484903484091	-0.0444055316927733	-0.00981003858337317	-0.00661633892887662	0.001925146082334	0.0152835701252412	0.0165426307705287	-0.0421426890396166	-0.0451034819978752	0.0570402278841188	0.0126222463938313	-0.0637909486810675	0.0334271911847894	0.138966495000874	0.117420450568315	0.029555260681388	0.0167021239606068	0.00952805414038016	0.0697134566848533	0.0631966596093508	0.10566393450449	0.0577268769048551	0.0498905783015278	0.0337903829080743	0.0211303395799083	-0.0033075437207135	0.0137726242374338	-0.00477692017811019	-0.0517891711166629	0.0287871076717508	0.120028217332705	0.0640728967385229	-0.0371166729756237	-0.0604878992715326	-0.0484245284612074	0.00707050246153353	-0.00679734036790492	-0.00440812497131226	-0.0513669096989902	0.115903498643515	0.137903435111965	0.214571190597152	-0.0332036261817777	0.101742336493057	0.0549800270379454	-0.0545009596953525	0.155549941576304	0.0897031516286804	0.00566551183142551	0.0137161389713853	-0.00195726514340684	-0.0298773566448666	-0.0693282783186602	-0.0628713273457055	-0.00871526759060323	-0.0571052458176558	0.0116048437656232	0.0363607508585839	0.090715032906193	0.0491622119632591	0.0480050932981474	-0.0479836527066303	0.0848788443786528	0.0701540994782644	0.0149378115645915	0.046094134720234	0.178095417680639
C10	0.157861176603628	1	0.798837565550281	0.466165571036219	0.833684787206246	0.103636143888707	0.765484113042276	0.610293544778898	0.657259094289331	0.627209518375108	0.688243851202168	0.491111031358349	0.423757879211259	0.562523155543462	0.440394145717805	0.354134508049225	0.320592188820675	0.447349090538442	0.278561844927961	0.431435697599757	0.0917154942938457	0.148327003867925	0.168176301742961	0.17112735295709	0.77840563238767	0.159456000285144	0.365234058210287	0.168191203389115	0.184445484714081	0.395731517227969	0.265933800518581	0.605066022160944	0.944846877627982	0.242326641812079	0.382452940554674	0.0849036307201188	0.13782690819753	0.0439129007440513	0.0928040066396755	0.0549486995349328	0.0875611316195638	0.101621537473634	-0.0483369550717487	0.0760851275020326	0.0231562977556834	-0.0090922375046889	0.0136922594787625	0.0202209204627988	0.0573250167283871	-0.000430446279126708	-0.0254894302707616	0.0618282373246955	-0.0749627061901501	0.0516173518399654	0.00523331773412639	-0.0896166119083534	-0.0278283901491552	0.0730839789214244	0.0815753535186056	-0.00981701880633496	-0.0936479000158946	-0.00415656278520506	0.0159436653891411	0.038871028381013	0.0548079413637953	0.0754805530509398	-0.0249189884572618	-0.0875358480951435	0.0318134178887861	0.0205089494264653	0.0784610531937634	0.0812123825485918	0.0431941404919208	-0.00597863119803706	0.00818134366270156	0.040897240014872	0.0665190028390256	0.0603013610039451	0.00102231878473382	0.0427810394691605	0.0243704761422846	-0.0237295661726709	0.034966445244322	0.0279261947244103	-0.00531461627836347	0.0104879390114585	0.0338704061721736	0.101257649550629	0.0811388103586616	0.0361246973352598	0.110111753575691	0.0579933344184742	0.0564740057798381	0.0598492995487191	0.069177774355939	0.0850441214944212	0.0655143674099491	0.0708734176709404	0.0385764210759073	0.00529058801600063	0.0153418482962128	0.0411787362484252	0.0747544730737646	0.142881014343219	0.106123809424126	0.0286453078791911	0.0736849215095332	-0.00662436044730627	0.0886707746324421	0.0887126913267616	0.149982212885364	0.13454474837646	0.0781682909031105	0.0364450182933895	0.0553915724380472	0.0589096096910878	0.049758712877597	0.113895172325957	0.11153135879204	0.0383904277169812	0.109796026862721	0.113424969324657	0.0633275300233941	-0.120985791023544	-0.0421499822671661	-0.00259172515655981	-0.00442282100053984	-0.0293877425945262	0.0162584730630466	-0.0293320140213594	-0.023057159032059	0.015585599900772	-0.0167286772421682	0.00203552144492511	-0.0108076051573205	0.00299527778571855	0.0894225322073177	0.112514474884143	0.0775950575232506	0.0943770594370845	0.0837864726186946	0.154515557939467	0.149247477113912	0.138302078981705	0.137639393217351	0.160691309308533	0.0790189607065854	0.133677023650978	0.0822403168509464	0.0848963787053676	0.0182045564845688
C10.1	0.201778100255854	0.798837565550281	1	0.600237049889648	0.684030143718799	0.120143462872571	0.715723658874557	0.461562546704534	0.606597542822484	0.590096309561658	0.799182613054955	0.550877416809891	0.32802416269796	0.467258722386053	0.35723641979359	0.376463016604033	0.227962357516531	0.395075019723967	0.577414493900227	0.451263781653682	0.145407437915435	0.162878033593874	0.178260718106984	0.191070871666878	0.690242290113988	0.177788086327096	0.367255182407133	0.161030942459676	0.16799399772689	0.338040994652391	0.260583444729076	0.601824416307718	0.806495095417604	0.405629346395145	0.322801662609107	0.109062683152453	0.183550501354761	0.0595632802295811	0.107834318447444	0.098702516453344	0.13982585781719	0.15089082785581	-0.0205691256160291	0.0565870197058031	0.0115684200197364	-0.0132891403503042	0.0553925113083042	0.0587069658355838	0.0982917836522177	0.0102023948388996	-0.0403874615447483	0.0025911710816599	-0.190871793832028	-0.0208542623381931	-0.159771671094515	-0.0516466864847357	-0.0136176274711518	-0.110687688160404	0.130185870463845	-0.026513781565626	-0.134979757794565	0.0270393128446281	-0.113147754717836	0.122054150309213	0.021880244034059	0.0449187551983891	-0.124324149554668	-0.128979833023811	0.0758216508382515	0.0177692904864445	0.0950494513771598	-0.00438908260531324	0.0288238431471096	0.106775217581366	0.0973859876713461	0.0641590683784948	0.0438279305159751	0.0154847845336622	0.0142601872089789	0.128924917708276	0.145109054025311	0.110483029623708	0.104069708732255	0.0155828005155244	-0.00298353476293447	-0.0895446834665446	0.0289329937541955	0.0364407081105328	0.0383560116875335	-0.117883179831679	-0.093712078268978	0.0660739440172848	0.11962884736102	-0.0102509772510857	-0.0846079264910362	0.081162214117198	0.0494271877356306	0.0490467119481658	0.0467009485004554	-0.0202949321100491	0.00451578994217211	0.0668724140754677	-0.00308795870812818	0.0669944186687353	0.0933648009453494	0.037917656347675	0.0596032803257069	-0.000514757434603018	0.0330568131858654	0.0873151976084211	0.101547710145369	0.085647489423965	0.0798335474130414	0.0865026098951069	0.109827053615431	0.0129661242270197	0.0548544395422172	0.098978202570159	0.0858281637269146	0.0718405489879305	0.058401879837361	0.0850525810612299	0.195345473804212	-0.111820468748801	-0.0354881816270754	-0.0990787646775901	-0.0234298218865821	0.0565112442178502	-0.0883612530857326	0.0506745662110915	-0.076840587151425	-0.00250273568320518	0.0313888769270168	0.0534752046356908	0.0124579197814383	-0.00336058239248305	0.0202659976070681	0.0348589268804784	0.0695435091838329	0.0625578994913745	0.11992583935464	0.139481383975427	0.176277934198294	0.0638366847279914	0.108498102177886	0.216842621798473	0.123975848926031	0.138294946446281	0.102631057455016	0.0994572599022077	0.0295002355467313
C10.2	0.195273838739808	0.466165571036219	0.600237049889648	1	0.381183579561778	0.2711008623204	0.433866858658138	0.249311972446791	0.378960005600303	0.407678586712125	0.401190394071613	0.511785689760767	0.208135959597241	0.278264202398316	0.325696309596748	0.403528163011727	0.0971805492293253	0.183127149552059	0.3173213171136	0.240485063987353	0.224878917062446	0.296155520047574	0.311825621238784	0.241399252162904	0.467533817383124	0.326663199133437	0.438661211883018	0.382581938049322	0.349795299352608	0.449331193462944	0.450001150486935	0.441434380363173	0.441032052676255	0.495699948489615	0.359812491767882	0.134706652313107	0.182008899575429	0.059326452273476	0.0232010372552355	0.0628020267467524	0.125074781969689	0.155444788988368	0.0599944441816868	-0.0325309279168419	0.00334434583448118	0.0348896548460336	0.105843221780861	0.0846509235166855	0.148626471698453	-0.0208686357144429	-0.101038747138411	0.0443474263894568	0.0170779942229755	0.0554852412030992	-0.0223420456572023	0.0270696627891995	0.0729707384803287	0.0246855828339847	0.0763087804115804	0.111553291057152	0.0127533930817403	0.126408272080209	0.0806291297556423	0.107606031989873	0.0541183516899184	0.0450616091366236	0.157285836604345	0.122050855739802	0.118952733156639	0.091247630720449	0.0651292189378469	0.116118943894818	0.146074263018737	0.111271420691434	0.119412147792662	0.121732921729985	0.026102872269919	0.091736579090148	0.158375907481285	0.107137859362468	0.0973171531288328	0.125571074719377	0.0627683239592322	0.0994345200811036	0.102951971315268	-0.0440226696685036	0.0228827632568787	0.00186150189838352	0.00187289024902928	-0.0134322798481178	-0.0308099472764641	-0.00315239648475939	0.0191940005296981	0.0419013158198375	0.0205045742999764	0.0139977435873747	0.0128614892896177	0.00070840322271461	0.0510061199449605	0.138194959540356	0.0683242095181195	0.05785963083874	-0.000819698023809674	-0.0184595549987485	0.0586042715867262	0.109445708237534	0.101327508246139	0.0466834458747321	0.112179145114293	0.0415573672054234	-0.022709954086676	0.0444763315542796	0.118335051553041	0.0747927768055947	0.0301449654202885	0.0692776565720459	0.0825218383001207	0.00698586771480003	0.0254831859342894	0.0401806377895919	0.0337768046980651	0.0363376310648735	0.0797658821316111	0.0853827216556538	0.0500101435211978	0.0162324367966064	0.00476495070305643	0.0937880280413192	0.0156457872926564	0.055937323553014	0.0230605023029654	0.00777697840951286	0.0218239982961899	0.0562769987775212	-0.0230559442690823	-0.0333328389851417	0.0184765697174481	0.0367058038278302	0.113969309625008	0.0877201051111535	0.139813996218184	0.107833724697748	0.11824056153338	0.108929356842005	0.0966193896267122	0.0717279533438328	0.159955127717617	0.183756524379087	0.12349660196873	0.191711444233587	0.104832360980484
C12	0.154761544267862	0.833684787206246	0.684030143718799	0.381183579561778	1	0.169364281868618	0.884731653979106	0.798359116685106	0.784955281193414	0.762138691371392	0.80185861385439	0.532067138663976	0.561765303437801	0.688156227532656	0.528875815404287	0.362915071987343	0.423356812250848	0.573905661146266	0.3361344291297	0.570279675598584	0.0664180973568172	0.207142858739256	0.0975034606467884	0.165785052454751	0.632177752932265	0.166177637882852	0.333493934448373	0.105844507689895	0.167777743126319	0.313821596582045	0.218934022614771	0.710733723949658	0.769348330048534	0.243271075282433	0.323117089697991	0.0298963099089306	0.121632159267351	-0.0179708298231888	0.0699632532114981	0.0388895007427293	0.0810805858853299	0.0923370662762743	-0.0778372244854212	0.0725649446692341	-0.00467451446475007	-0.0610896543975546	0.00387076674508294	-0.00337395942365105	0.0231030028423621	-0.00372056936702977	-0.0181156901211731	0.0713342577362512	-0.0418031077759644	0.107786003053852	0.0690501338312356	-0.0926968631881527	-0.066284473435371	0.124030639365486	0.0936365545049499	0.0150871917304259	-0.0975727834853691	-0.00759390772467257	0.0386212373042602	0.0229158217452356	0.0663736644366446	0.083929792121507	0.0229121418706039	-0.0886955886927478	0.0285793427564823	0.0109855333630586	0.0656517349069171	0.105381752959541	0.0360977330349496	-0.00206540013919888	0.0187954226003037	0.089867757755432	0.078804804617186	0.0766601385924073	-0.0198909867887999	0.0561129668681254	0.0366143615090347	-0.00392659064110819	0.0597782581160479	0.0648636527972793	0.0164414299801971	0.0401749368398486	0.0118511925812085	0.158817705377316	0.122906311765495	0.0478541724025521	0.12344367844293	0.0451485511559788	0.0756723842449992	0.101283497147727	0.0441779007048059	0.0395823909571799	0.0550752214092124	0.064572847768674	0.0548519331891241	0.0183726497238394	0.00890953461059187	0.0161110827497764	0.032624586227076	0.113002891074604	0.0990901455017024	0.0266483099614861	0.0715238171485784	0.00830311911756355	0.065103033252889	0.0719455845250253	0.157727083797293	0.12564568504164	0.0450762228230267	0.0590790892025802	0.0860661709964598	0.11433897686082	0.0820856489506844	0.142432062022407	0.121568434875395	0.065421555506647	0.161436825564672	0.141736675763173	0.0849288243996521	-0.0699110978517738	-0.0215408203393946	0.0583166203818066	-0.0400989554926576	-0.0426293114234083	0.0640472182470484	-0.013119963436146	0.0208311100457068	0.0266638058940851	-0.011438022950939	0.0396432640732679	-0.000802805133124579	0.0133101386035231	0.0640784404012432	0.0637832023336634	0.037681834224793	0.049780390605758	0.0430656071460156	0.165182363593281	0.134944599773834	0.111991794018783	0.0941601247080882	0.127728713696552	0.0693920568811391	0.122779053672151	0.0546109178624617	0.0693972001274518	0.0100505458967308
C12.DC	-0.0626318924985928	0.103636143888707	0.120143462872571	0.2711008623204	0.169364281868618	1	0.200194707051403	0.0127451137049519	0.0739475438585215	0.0751369420825194	-0.0162322561690264	0.162536313575337	0.0286503968510912	0.114042050947803	0.194061739142181	0.213916224383813	-0.0400303615587265	-0.0194771848740055	0.0226762860732007	0.0431408089777546	-0.013999250074567	0.415828246117725	0.254245879706525	0.0394795085370621	0.201968890282665	0.17959207656369	0.267002557930121	0.381462032411357	0.458667964420476	0.440903039825973	0.575287777598283	0.153962678880434	0.108453319968512	0.0419218663271931	0.0785595381472011	0.045154229920058	0.177695046378955	0.0299994680983225	-0.0565062338949136	-0.102855473705981	0.0388192437891883	-0.0299149957438431	-0.061774535055448	0.00803530977432479	-0.0175049336936458	-0.085172398453101	-0.0676963142338564	-0.0524788681814758	-0.0681350291389782	-0.212040949516782	-0.294886364060971	-0.129656478274014	-0.0517986337160022	-0.0821089230270527	-0.0492873222640536	-0.0301739986491148	-0.145968744654743	-0.0537799700248459	-0.0307015481513485	-0.0850291566785689	-0.0776106164421708	-0.0726901945739893	-0.0619215965638608	-0.0815886991340632	-0.0699547217933539	-0.0378219322965153	-0.080859445629348	-0.0824219125935217	-0.0533128114431042	-0.0706779671709827	-0.0492788421718549	-0.0456670419183296	-0.0723593864235998	-0.0876088955937068	-0.102972455894887	-0.0728799575235332	-0.0313503523069194	-0.061289543088251	-0.0899661394720976	-0.0418909160334581	-0.0498617256638202	-0.0950450602606226	-0.0738057255393371	-0.0700527577467453	-0.0950369789089192	-0.0683995660932242	-0.182245662081333	-0.0649698058883114	-0.132915316596517	-0.0792509703460821	-0.0472156221527636	-0.050657280696552	-0.0606430497580826	-0.0427426216025855	-0.0607900973833129	-0.0697752647704452	-0.0317274501453539	-0.00953290954422268	-0.0450149071676201	-0.0919398158244858	-0.015892656285447	-0.0737390214689574	-0.0924397241370313	-0.00243599256919971	0.0107159367638102	-0.059881853653108	-0.0516113112351239	-0.106298423268641	-0.0630603844324885	-0.0804899503771566	-0.0420684001677078	-0.0655510312399363	-0.0336404664860592	-0.0369127623821418	-0.0898314464163254	-0.053686386482485	-0.0944387963605487	-0.0481186090336191	-0.0276433784044338	-0.126878880442009	-0.0264821652116121	-0.0234958236284183	-0.0361958800549574	0.154150031884643	0.0392556916681514	0.0284679179665519	0.0495567380332101	0.0873735880059782	0.0412687073444157	0.0187436512945758	0.0157121685240643	0.00185672156069055	-0.107900775356693	0.0519228785102007	-0.131422468185064	-0.128773108748085	-0.0569175351832662	-0.0130564276928389	-0.0225064529550645	-0.0148191900336314	0.00061351773363098	-0.029355033146889	-0.0667967545224056	-0.00456641166363385	-0.021568434735106	0.0484893148577499	-0.017310700236008	0.00434161455407807	0.080248552728124	0.0104847507483886	-0.0609463498869334
C12.1	0.220479014893129	0.765484113042276	0.715723658874557	0.433866858658138	0.884731653979106	0.200194707051403	1	0.736400635702767	0.812479801032895	0.78156886474732	0.791629178264841	0.536922849812376	0.574157441773588	0.779162876053989	0.578531519237597	0.413253663195275	0.327407827730399	0.656606974841866	0.38974129024416	0.628271030920497	0.0947928967968152	0.289778551981927	0.156573811229024	0.171019177089315	0.659010474394577	0.199067446055595	0.388921495250552	0.183937259765977	0.216183304895539	0.361471078478319	0.31808566389405	0.723866131545795	0.715897539081185	0.276860254263271	0.237749405388474	0.0533968763704827	0.148550642712681	-0.0287319559426479	0.0873926736402819	0.0534651095137578	0.0940918254655907	0.163865802549737	-0.0834898516403104	0.0543678845160174	-0.0229328892126588	-0.0797766967396491	0.0490101653323887	0.0123117569411746	0.0434301012136741	0.0350133615389469	-0.00990777722489307	0.00279750901574851	-0.07152325243745	0.115788066543211	0.135836311658287	-0.107978552912161	-0.116152847003747	0.141020272326898	0.0562138665696449	0.0294975079782165	-0.110559656708921	-0.019506018603401	0.038791193542885	-0.015051227021656	0.0723283255560885	0.111154492894491	0.0119547774379565	-0.101086246908316	0.00587941930554765	0.049200983171635	0.10422728344946	0.121413040623151	0.0498760819758256	-0.00146976708197275	0.027843020864199	0.122418430426927	0.121385293474466	0.0972893505397606	0.00592817996429643	0.0402112026409026	0.0304436808037604	-0.00853990851550199	0.0903942803868649	0.0860691412710312	0.027563638990084	-0.0329176476541377	-0.015352257183609	0.148169976129509	0.138379475572039	-0.0335076579394503	0.090501548985086	-0.0478729408597382	0.00315255995529275	0.117160275707504	-0.0239280844231901	-0.0653474929970887	-0.00714187835553678	0.0419412228881927	0.0396346233843694	0.0110753360093421	0.0153109029143562	-0.0298881276702067	-0.0187850290656903	0.0613196018641102	0.101544923867717	0.00268140836785253	0.105437805224368	-0.0252339544872461	0.0467293900322215	0.0578927792871887	0.103605856871619	0.0874305420773858	0.000472235251703398	0.111411157619536	0.132362596668078	0.0882171175328641	0.0376826337825471	0.0868843075093545	0.108579071717762	0.084529328365357	0.134698723329598	0.147897130727103	0.0736309003655777	-0.0955054838924665	-0.0213315448095449	0.158660031041313	-0.107551134850065	-0.0537174610521372	0.0605339379359846	-0.0955077818860701	0.0137994870972061	0.0276206938348273	0.0388709565176015	0.114721514492097	0.0257535675062092	0.00798757367108237	-0.0239546783201611	-0.00488139884046407	-0.036664174945044	-0.000281316610346568	0.0103771280625707	0.130735773444392	0.127219443066881	0.102568732098768	0.0887363289354653	0.152916813757947	0.0514976443543933	0.176331174793531	0.0675131174467267	0.115466857048849	0.0500283855335234
C14	0.196768723121029	0.610293544778898	0.461562546704534	0.249311972446791	0.798359116685106	0.0127451137049519	0.736400635702767	1	0.763331459290525	0.776852521735444	0.637582277881216	0.505436559996234	0.7815931995284	0.766115682484562	0.689137831156466	0.384000283390482	0.535787631052132	0.677806550482841	0.360563510131999	0.584458963071621	0.0960609142178983	0.19843913936427	0.117151145164395	0.155464554798747	0.538676229573889	0.219763139794187	0.331631296125621	0.109493882408436	0.102873354146657	0.306091607139981	0.173979652271103	0.626928126031726	0.572101616928689	0.164707832045639	0.332397550125416	0.0261223946681704	0.0779433575650089	-0.0595372776771111	0.110357410714061	0.0922067861018289	0.0704461471912226	0.19265528415975	-0.0232330471741089	0.035858725250347	-0.021373927353879	0.0139776475365103	0.118228873286285	0.0491676004963707	0.0624479431777827	0.113662909158043	0.10406419622738	0.225194819457075	0.196074538452905	0.308515113775872	0.282096701453527	0.106021631892837	0.0979992212369454	0.290180722728271	0.19237236433647	0.184722174153988	0.0733373139660176	0.053810730777484	0.185921385098384	0.104841047173586	0.209504092759569	0.179781623066056	0.137306863744507	0.0648959002355866	0.00685447744486195	0.13309772583278	0.12395915607469	0.220358666158788	0.131063180758166	0.0290776732412855	0.0723937548901845	0.137256658566514	0.195991847368321	0.20574674646851	0.0785380993725568	0.0239266108758412	0.0141945726862811	0.0292977728336357	0.140330825293177	0.1585084826375	0.134646148519774	0.220236817073054	0.120647390113731	0.273547474108724	0.220918546385519	0.264481465035427	0.310649111083446	0.0666618873761628	0.0735243456061493	0.243320835152374	0.217498433729328	0.122605992953947	0.0741080749050508	0.0643619696857279	0.0569927767625866	0.118109707592733	0.10714351989904	0.121696210896244	0.180040441178281	0.170572244175335	0.08596652457488	0.0371185248536664	0.121906658780071	0.0822951401327006	0.169874910215988	0.169197450271513	0.196827918980952	0.177105218595776	0.0881253014441586	0.0641162307347959	0.161882076298296	0.208939812951391	0.137147930218275	0.158421388422519	0.1104037287358	0.157530899008214	0.171522045126914	0.128686915111836	0.0382144124218067	-0.0308127390900378	0.0629692009980414	0.19830883371886	0.0232514657535624	-0.0219996921196597	0.0877893526075603	-0.0596936187526497	0.0899800092805605	0.0262314661080683	0.056086140453955	0.0476119848889414	0.124260820340008	0.144223737854875	0.153657776130149	0.147129028899103	0.110657701799744	0.0966180490014054	0.0950383242889988	0.196075180315728	0.175352334035058	0.194325460390459	0.138205744075985	0.103159305223174	0.114239503627714	0.123884971226408	0.109518336662403	0.0857311813106452	0.136747756724289
C14.1	0.188243093751809	0.657259094289331	0.606597542822484	0.378960005600303	0.784955281193414	0.0739475438585215	0.812479801032895	0.763331459290525	1	0.753644309466452	0.741435005153101	0.560542551730528	0.660458414854538	0.791436999695424	0.632617835970287	0.408986808930533	0.472295565890148	0.70418506227111	0.472811142669925	0.618791208955849	0.0558252542382639	0.237173872145376	0.202273723845966	0.105521338536894	0.575976463266058	0.180727633260629	0.382590324667887	0.1747194268166	0.103952248518722	0.335079180775321	0.271254906830597	0.664585701726159	0.623065016547426	0.246293197996096	0.184112840359739	0.110432198212441	0.180022693255586	0.0274272193859896	0.107338160501369	0.015547289678855	0.127712756756171	0.168983598294671	-0.108232926551409	0.106233229034176	-0.00532382062520204	-0.0308374358577331	0.0648459248292692	0.0273289505783639	0.0362323506884461	0.0911075794536997	-0.0058519736081475	0.223576227624218	0.0906754992881505	0.330845608391937	0.18566401438568	0.0470063324009991	0.101096975344534	0.299739195900867	0.251335732559864	0.198297418260925	0.0453532348879409	0.162068568851433	0.258037008148691	0.23802674555018	0.278799745457357	0.2873803735162	0.134373224626218	0.0654664132757266	0.167276575922007	0.255016336840312	0.286836708613232	0.327268198242986	0.220049126825138	0.180645140777653	0.234905734054251	0.307467164036674	0.299918414637073	0.292310343108987	0.158608353272491	0.167803229949084	0.182939295467323	0.18877697198923	0.305888202333471	0.237173730852241	0.207223165694887	0.059162795000678	0.10257313659912	0.300225268876084	0.276413675470616	0.135050737362632	0.266851288226058	0.156147238434974	0.193547229490937	0.287290666813254	0.208469456021845	0.14488439264025	0.210640795592604	0.225203822703206	0.232875837348509	0.193309790532391	0.188118572748598	0.196727307451104	0.209178441520272	0.274555004280909	0.309646758899727	0.214590776114858	0.247034522778452	0.198722377647107	0.246628979366447	0.280438430546717	0.285764604738333	0.310018434149494	0.203409023538801	0.182197207772567	0.325570979790898	0.313158968131359	0.23934371282575	0.236939108344882	0.235917785500425	0.261115111010395	0.249809107986655	0.248237704228125	0.196194852407351	-0.0801446169853171	0.141058699903273	0.194165678268696	0.0310364509891071	0.167967889920649	0.164920717977148	0.0169045827128973	0.122239152310112	0.118741003849002	0.0836425915237007	0.134667501269685	0.0953801774463265	0.115490008786477	0.175780743374159	0.208081768578788	0.255418134369079	0.25905437411957	0.255308175051269	0.419768315610058	0.392707304692779	0.35621194591905	0.318871361054983	0.259907537366568	0.360700858133545	0.428461214192341	0.283759790885109	0.313700890394628	0.0952155161602096
C14.1.OH	0.20784781561214	0.627209518375108	0.590096309561658	0.407678586712125	0.762138691371392	0.0751369420825194	0.78156886474732	0.776852521735444	0.753644309466452	1	0.738109170010129	0.672165904207782	0.637619030622814	0.734140421194985	0.679213500677799	0.477462156348018	0.443760852146324	0.6392791882585	0.423908480726477	0.611565249201925	0.129564772421298	0.241996041219501	0.207133722916861	0.168201645341999	0.555587744123656	0.257209068950884	0.461756487305638	0.189965563969062	0.174213018287432	0.379534410757837	0.236187372785881	0.791061827930153	0.587195138517282	0.277714322596303	0.395636175002575	0.053832986782752	0.0798093349226623	0.00579994113372338	0.0936620729746284	0.077845083507201	0.0666105510476471	0.175411677681715	-0.0595521138269405	0.0693791862479749	-0.0225928585046878	-0.015456018460838	0.0793633436585988	0.027165891306604	0.0684523951457858	0.125604925745873	0.0797998361080423	0.168797550129911	0.0602665380916159	0.21538674161849	0.132890388346602	0.00739720798179652	0.0720415868814239	0.185317801308172	0.147550666926122	0.105429074045523	-0.0117841374592617	0.124562597155687	0.121249463008089	0.112375774363181	0.148941877501301	0.141182381746042	0.107850215259078	0.0469664639733549	0.0861780243268419	0.0967840219121869	0.131499924962106	0.188332390522686	0.140592735779229	0.115148352887819	0.157162833785693	0.19251621662766	0.13213005100388	0.14448827431077	0.0918051046833558	0.0934772081498034	0.0868837510409181	0.113881085726239	0.185583805909208	0.161389746149158	0.163496377501441	0.134158862543746	0.177653783141062	0.202709565953933	0.220142916765484	0.175957918721199	0.207519783902144	0.0546143529382079	0.088880375360726	0.250806282787626	0.187475604273107	0.1244048680763	0.0724329942260065	0.0661746974918344	0.0987038007155567	0.138028693653789	0.168481485805477	0.148573318559136	0.1545744320981	0.150012958315101	0.134590341551552	0.0974349956424963	0.160405137822431	0.0987136810839662	0.202404652086971	0.197947578582382	0.168636145768979	0.205374581720251	0.139389855914085	0.12719599291546	0.179621265884745	0.18588281150901	0.15818709108756	0.130838846363424	0.138106718144434	0.169549599223647	0.147535616282163	0.142056054881666	0.090194627006716	-0.0770579683050202	-0.00529127937666604	0.110338854948002	0.0191792184442965	-0.0247602739787072	0.0670768202674372	-0.0294152737953568	0.0264731169482165	0.0290906572022975	0.0892788160361428	0.00328449009203632	0.116346485788502	0.115148132461783	0.0949893167022009	0.105714460085291	0.0540084011327712	0.0693364456064823	0.100795943633552	0.170836249897166	0.15578906551004	0.131128011530597	0.105489057391173	0.115788872430989	0.0777273224777551	0.133779547592708	0.129534532417168	0.133027994861356	0.110789810335303
C14.2	0.175625265489373	0.688243851202168	0.799182613054955	0.401190394071613	0.80185861385439	-0.0162322561690264	0.791629178264841	0.637582277881216	0.741435005153101	0.738109170010129	1	0.603936556009494	0.435081957270045	0.643609687767722	0.430242376400548	0.383247212707676	0.313934389694117	0.577795162986767	0.633373920521625	0.592102812599647	0.072365311945564	0.1231954427436	0.0586153693738586	0.147157835581814	0.552844009041898	0.115821063000031	0.319637375244506	0.0251459165848759	0.0575464522798781	0.189752952676935	0.0853901093179804	0.693781965259491	0.656340534107633	0.352430679226991	0.192549752376547	0.0543602756624546	0.073416945278012	0.00395765600885773	0.0829753708137382	0.0729509833426961	0.0674705395783266	0.0907746184579904	-0.0858872909708989	0.0970292496639648	-0.0141245894867443	-0.0735965479526971	0.0160024360211295	-0.00274900536984536	0.048870168540911	0.047717531414144	0.0432065060578167	0.011262677821053	-0.215671892519559	0.0302849890942505	-0.109606824843746	-0.120205326941025	-0.0375156408111712	-0.0470456763279548	0.114316584326193	-0.0221252157369979	-0.154100278556129	0.0381836017952676	-0.107827676260752	0.093044609929082	0.0334410954644997	0.0811150968816532	-0.0838570715492003	-0.138359302749123	0.0933743329132199	0.00734301533955951	0.123116964587048	0.0350302214741456	0.0507920594082988	0.117962201804233	0.112631244873935	0.121135568413578	0.0550687744589399	0.0351466039740173	0.0200281935665346	0.172660896785418	0.182261389697925	0.13291567779251	0.135844153894937	0.0714182578619309	0.0496520383654304	-0.0975194824411628	0.0722287329062492	0.0950779851064524	0.131191792965518	-0.118355261233559	-0.070102600497498	0.0528259786438435	0.143420913008876	0.0284665009247815	-0.0928901767872137	0.056666028365706	0.0446226528746856	0.0605765133351337	0.0908160180488573	0.00949371990983614	-0.0202229262566583	0.0365041530137538	-0.0191194544328937	0.0616476934350346	0.115556319143806	0.0634840030250684	0.101643068157327	0.0406372448131296	0.0302918715395095	0.0977527166798042	0.128098568816308	0.120361479131214	0.068088703128174	0.132021108904272	0.163780068971646	0.0555536892512062	0.111766080636022	0.140768884482488	0.14439648300138	0.12518480645622	0.120825836100573	0.161451681253463	0.24125480078466	-0.238557537747389	-0.0745317645219794	-0.0653400853726151	-0.0873416419057008	-0.0320001880047278	-0.045644003173229	0.036916730997815	-0.0641156251294169	0.0366543377320154	0.0409890544389973	-0.0295287183462808	0.0200199681700385	-0.00121797593579217	-0.00465422164862053	-0.00545047042666051	-0.0107148521551807	0.0154336270836119	0.0534298952762414	0.154980943487972	0.178496092070543	0.0443355784975408	0.0936767762628975	0.198692204136455	0.068985881424801	0.142344750101447	0.0355771669368728	0.0899360789935794	0.0408516284339685
C14.2.OH	0.135987265191059	0.491111031358349	0.550877416809891	0.511785689760767	0.532067138663976	0.162536313575337	0.536922849812376	0.505436559996234	0.560542551730528	0.672165904207782	0.603936556009494	1	0.401081960161144	0.529192371695537	0.541629595687848	0.569566401047534	0.246382202621897	0.350230475119594	0.407798434261362	0.394472483187132	0.141107321301262	0.270930953478068	0.307762494791712	0.162088363291859	0.459968172090478	0.287073214300777	0.486715316757692	0.309769630079686	0.256598067398738	0.458534537467782	0.332815611648487	0.618495831659078	0.454059600287821	0.269742488485755	0.356854947310186	0.110873260433745	0.0817540699492415	0.0286251528614896	0.0344374102683793	0.0348529599801893	0.0561060515600388	0.141204107463997	-0.0603535272510331	0.0325760962619957	-0.0443097874747369	-0.0289027452630323	0.0701691287833918	0.0195171752652231	0.0768701473619295	0.0555462581962296	-0.0257935552984363	0.141879056806868	0.0470697555204892	0.14627197244151	0.0181171001769637	0.0579691490614368	0.105946847184768	0.0621148629571754	0.109893980565859	0.0736952769392499	0.00421898229367091	0.181605171686926	0.0688301763777151	0.122731557535952	0.0950538121385209	0.0813606451383589	0.0866350166555464	0.101735914131823	0.13605748908469	0.0920614871560287	0.0932292913596268	0.122421455413066	0.152577190892939	0.179037037422503	0.186180298540218	0.151850819001951	0.0885353816699095	0.105080110595976	0.122318857390245	0.142489246605092	0.146878679800804	0.159823575856472	0.19526543342847	0.149598045024605	0.190139188053285	0.102402618909929	0.184974623140155	0.112592418393485	0.128913260219115	0.131182309158574	0.10377823032832	0.0814104233298485	0.0960869937822636	0.2113159803086	0.168369234310837	0.132104015538923	0.0930867645455376	0.0626822114650717	0.0997449871102232	0.144135791044266	0.206964395262287	0.172434615307328	0.151691238912026	0.10761580000328	0.123778215099762	0.142195603024271	0.109416492408554	0.0829807415462959	0.178501767555592	0.202682134649977	0.102225570619701	0.177937645441484	0.182809152584387	0.0869081154072188	0.11829577124356	0.105908603832271	0.133975786724185	0.100767280276783	0.107077294380809	0.147073624813001	0.100653661841834	0.092930298082443	0.131485265145284	-0.0595029031871659	-0.0131823169706804	0.00655179227780622	0.0398316863891111	0.0195844836135903	-0.0256244508447318	0.000964618036920269	-0.014098075809007	-0.0071208787869308	0.0782883316748004	-0.0391072309673885	0.0819866091853587	0.0589564195568289	0.0875285218445014	0.103612325365941	0.105151084330759	0.0983093285951595	0.178131038700546	0.139379068251936	0.147761453924885	0.0998339547186794	0.0940193497901986	0.0778809195569517	0.12062958491393	0.118746572288619	0.203136950821722	0.165563557128531	0.0794473879932677
C16	0.290587616818984	0.423757879211259	0.32802416269796	0.208135959597241	0.561765303437801	0.0286503968510912	0.574157441773588	0.7815931995284	0.660458414854538	0.637619030622814	0.435081957270045	0.401081960161144	1	0.74973617662478	0.697161695152317	0.415285555717699	0.681563341832181	0.792495908007939	0.460806533995521	0.562478613153758	0.149001073621521	0.211520261197151	0.165269649844561	0.139960688927452	0.483609227303196	0.260250668314549	0.288479895454564	0.138494098295757	0.131030546736059	0.292783387496062	0.212253705411609	0.470948298608027	0.396991491801596	0.121128488131004	0.161050072960425	0.0156467707449904	0.101507009584967	-0.0470523082932714	0.123659747020384	0.0817741669250528	0.0948113296733419	0.23012184972017	-0.0050940066060603	0.0491511868752662	-0.0292657779286256	0.0669890245636781	0.154146532799747	0.0771339648244247	0.0938249509805429	0.107941995966323	0.0588078801532996	0.207984645037003	0.245985828939881	0.414087209163787	0.382026667280393	0.118222307808865	0.0481783622943936	0.422363008720898	0.278656334214171	0.229628605003556	0.129087856233266	0.0751982933239635	0.296707144713255	0.181151191862245	0.32234004205072	0.320827195368191	0.152962867959345	0.0704638103129977	0.0237728629804424	0.287113517467434	0.26633447100413	0.319323453194071	0.201641427348929	0.0202165331864874	0.0729509741108697	0.165470200153272	0.34917058965881	0.346639644192314	0.161052979345278	-0.0116127217376629	0.0020958688293514	0.01480533805912	0.205558129084439	0.185413591624634	0.128224340804056	0.153449096927684	0.0867486313147149	0.28129688088046	0.171639624366842	0.232927825188867	0.307853641533342	0.0409293296138866	0.0524698832322108	0.254173990142324	0.191575315636934	0.040206622097732	0.0955056064032234	0.19048337791095	0.151869515960166	0.109313604722081	0.107479331801109	0.0838113515695279	0.17968315489291	0.239020358348988	0.193829851615715	0.0854526766586992	0.150607591141308	0.129482972763287	0.122393661404526	0.127593749392973	0.22491182739908	0.192945723020407	0.0735856433480752	0.0583535528677653	0.259257048687554	0.239521219105692	0.103378740772481	0.142296366376444	0.108118453276796	0.15484370602948	0.161213070427966	0.126374591521952	0.0187508627037775	0.0581888070021315	0.278999645997026	0.336194337817109	0.0298204241175031	0.152530901881162	0.176950880549975	-0.0295965358014267	0.245145035838215	0.15835495582435	0.0801436477523922	0.042069851566974	0.0863117255815523	0.0694568217780454	0.0809057798294637	0.0999782951569507	0.108618408610483	0.0468114072623227	0.0844661873088346	0.242851004790358	0.242428010892776	0.283849735233196	0.218995610845639	0.068503831362376	0.20341936754711	0.18709898278381	0.129123829342554	0.110697696810217	0.201360884265014
